<?xml version="1.0"?>
<opencv_storage>
<leftimage1>
  <_><x>1.6185000000000000e+03</x>
    <x>y</x>
    <x>5.3050000000000000e+02</x></_>
  <_><x>1.6925000000000000e+03</x>
    <x>y</x>
    <x>5.7250000000000000e+02</x></_>
  <_><x>1.7735000000000000e+03</x>
    <x>y</x>
    <x>5.9450000000000000e+02</x></_>
  <_><x>1.8665000000000000e+03</x>
    <x>y</x>
    <x>5.7950000000000000e+02</x></_>
  <_><x>1.9245000000000000e+03</x>
    <x>y</x>
    <x>5.3250000000000000e+02</x></_></leftimage1>
<leftimage2>
  <_><x>1.6165000000000000e+03</x>
    <x>y</x>
    <x>5.3150000000000000e+02</x></_>
  <_><x>1.6925000000000000e+03</x>
    <x>y</x>
    <x>5.7250000000000000e+02</x></_>
  <_><x>1.7725000000000000e+03</x>
    <x>y</x>
    <x>5.9650000000000000e+02</x></_>
  <_><x>1.8675000000000000e+03</x>
    <x>y</x>
    <x>5.7850000000000000e+02</x></_>
  <_><x>1.9235000000000000e+03</x>
    <x>y</x>
    <x>5.3050000000000000e+02</x></_></leftimage2>
<leftimage3>
  <_><x>1.6165000000000000e+03</x>
    <x>y</x>
    <x>5.3150000000000000e+02</x></_>
  <_><x>1.6925000000000000e+03</x>
    <x>y</x>
    <x>5.7250000000000000e+02</x></_>
  <_><x>1.7735000000000000e+03</x>
    <x>y</x>
    <x>5.9450000000000000e+02</x></_>
  <_><x>1.8665000000000000e+03</x>
    <x>y</x>
    <x>5.7950000000000000e+02</x></_>
  <_><x>1.9255000000000000e+03</x>
    <x>y</x>
    <x>5.3150000000000000e+02</x></_></leftimage3>
<leftimage4>
  <_><x>1.6165000000000000e+03</x>
    <x>y</x>
    <x>5.3150000000000000e+02</x></_>
  <_><x>1.6925000000000000e+03</x>
    <x>y</x>
    <x>5.7250000000000000e+02</x></_>
  <_><x>1.7735000000000000e+03</x>
    <x>y</x>
    <x>5.9450000000000000e+02</x></_>
  <_><x>1.8675000000000000e+03</x>
    <x>y</x>
    <x>5.7850000000000000e+02</x></_>
  <_><x>1.9245000000000000e+03</x>
    <x>y</x>
    <x>5.3250000000000000e+02</x></_></leftimage4>
<leftimage5>
  <_><x>1.6085000000000000e+03</x>
    <x>y</x>
    <x>5.2950000000000000e+02</x></_>
  <_><x>1.6865000000000000e+03</x>
    <x>y</x>
    <x>5.7250000000000000e+02</x></_>
  <_><x>1.7665000000000000e+03</x>
    <x>y</x>
    <x>5.9450000000000000e+02</x></_>
  <_><x>1.8605000000000000e+03</x>
    <x>y</x>
    <x>5.7950000000000000e+02</x></_>
  <_><x>1.9175000000000000e+03</x>
    <x>y</x>
    <x>5.3050000000000000e+02</x></_></leftimage5>
<leftimage6>
  <_><x>1.6085000000000000e+03</x>
    <x>y</x>
    <x>5.2950000000000000e+02</x></_>
  <_><x>1.6865000000000000e+03</x>
    <x>y</x>
    <x>5.7250000000000000e+02</x></_>
  <_><x>1.7665000000000000e+03</x>
    <x>y</x>
    <x>5.9450000000000000e+02</x></_>
  <_><x>1.8605000000000000e+03</x>
    <x>y</x>
    <x>5.7950000000000000e+02</x></_>
  <_><x>1.9185000000000000e+03</x>
    <x>y</x>
    <x>5.3250000000000000e+02</x></_></leftimage6>
<leftimage7>
  <_><x>1.6085000000000000e+03</x>
    <x>y</x>
    <x>5.2950000000000000e+02</x></_>
  <_><x>1.6855000000000000e+03</x>
    <x>y</x>
    <x>5.7250000000000000e+02</x></_>
  <_><x>1.7665000000000000e+03</x>
    <x>y</x>
    <x>5.9450000000000000e+02</x></_>
  <_><x>1.8605000000000000e+03</x>
    <x>y</x>
    <x>5.7950000000000000e+02</x></_>
  <_><x>1.9175000000000000e+03</x>
    <x>y</x>
    <x>5.3150000000000000e+02</x></_></leftimage7>
<leftimage8>
  <_><x>1.6085000000000000e+03</x>
    <x>y</x>
    <x>5.3050000000000000e+02</x></_>
  <_><x>1.6865000000000000e+03</x>
    <x>y</x>
    <x>5.7250000000000000e+02</x></_>
  <_><x>1.7665000000000000e+03</x>
    <x>y</x>
    <x>5.9450000000000000e+02</x></_>
  <_><x>1.8605000000000000e+03</x>
    <x>y</x>
    <x>5.7950000000000000e+02</x></_>
  <_><x>1.9175000000000000e+03</x>
    <x>y</x>
    <x>5.3050000000000000e+02</x></_></leftimage8>
<leftimage9>
  <_><x>1.6015000000000000e+03</x>
    <x>y</x>
    <x>5.3050000000000000e+02</x></_>
  <_><x>1.6805000000000000e+03</x>
    <x>y</x>
    <x>5.7250000000000000e+02</x></_>
  <_><x>1.7615000000000000e+03</x>
    <x>y</x>
    <x>5.9450000000000000e+02</x></_>
  <_><x>1.8535000000000000e+03</x>
    <x>y</x>
    <x>5.7850000000000000e+02</x></_>
  <_><x>1.9115000000000000e+03</x>
    <x>y</x>
    <x>5.3150000000000000e+02</x></_></leftimage9>
<leftimage10>
  <_><x>1.6025000000000000e+03</x>
    <x>y</x>
    <x>5.2850000000000000e+02</x></_>
  <_><x>1.6805000000000000e+03</x>
    <x>y</x>
    <x>5.7250000000000000e+02</x></_>
  <_><x>1.7595000000000000e+03</x>
    <x>y</x>
    <x>5.9350000000000000e+02</x></_>
  <_><x>1.8535000000000000e+03</x>
    <x>y</x>
    <x>5.7850000000000000e+02</x></_>
  <_><x>1.9115000000000000e+03</x>
    <x>y</x>
    <x>5.3150000000000000e+02</x></_></leftimage10>
<leftimage11>
  <_><x>1.6025000000000000e+03</x>
    <x>y</x>
    <x>5.2850000000000000e+02</x></_>
  <_><x>1.6795000000000000e+03</x>
    <x>y</x>
    <x>5.7150000000000000e+02</x></_>
  <_><x>1.7605000000000000e+03</x>
    <x>y</x>
    <x>5.9450000000000000e+02</x></_>
  <_><x>1.8535000000000000e+03</x>
    <x>y</x>
    <x>5.7850000000000000e+02</x></_>
  <_><x>1.9135000000000000e+03</x>
    <x>y</x>
    <x>5.3050000000000000e+02</x></_></leftimage11>
<leftimage12>
  <_><x>1.6015000000000000e+03</x>
    <x>y</x>
    <x>5.3050000000000000e+02</x></_>
  <_><x>1.6805000000000000e+03</x>
    <x>y</x>
    <x>5.7250000000000000e+02</x></_>
  <_><x>1.7595000000000000e+03</x>
    <x>y</x>
    <x>5.9350000000000000e+02</x></_>
  <_><x>1.8535000000000000e+03</x>
    <x>y</x>
    <x>5.7850000000000000e+02</x></_>
  <_><x>1.9105000000000000e+03</x>
    <x>y</x>
    <x>5.3150000000000000e+02</x></_></leftimage12>
<leftimage13>
  <_><x>1.5975000000000000e+03</x>
    <x>y</x>
    <x>5.3050000000000000e+02</x></_>
  <_><x>1.6725000000000000e+03</x>
    <x>y</x>
    <x>5.7250000000000000e+02</x></_>
  <_><x>1.7535000000000000e+03</x>
    <x>y</x>
    <x>5.9450000000000000e+02</x></_>
  <_><x>1.8475000000000000e+03</x>
    <x>y</x>
    <x>5.7750000000000000e+02</x></_>
  <_><x>1.9055000000000000e+03</x>
    <x>y</x>
    <x>5.3150000000000000e+02</x></_></leftimage13>
<leftimage14>
  <_><x>1.5975000000000000e+03</x>
    <x>y</x>
    <x>5.3050000000000000e+02</x></_>
  <_><x>1.6725000000000000e+03</x>
    <x>y</x>
    <x>5.7250000000000000e+02</x></_>
  <_><x>1.7535000000000000e+03</x>
    <x>y</x>
    <x>5.9350000000000000e+02</x></_>
  <_><x>1.8475000000000000e+03</x>
    <x>y</x>
    <x>5.7650000000000000e+02</x></_>
  <_><x>1.9045000000000000e+03</x>
    <x>y</x>
    <x>5.3250000000000000e+02</x></_></leftimage14>
<leftimage15>
  <_><x>1.5955000000000000e+03</x>
    <x>y</x>
    <x>5.2950000000000000e+02</x></_>
  <_><x>1.6745000000000000e+03</x>
    <x>y</x>
    <x>5.7150000000000000e+02</x></_>
  <_><x>1.7535000000000000e+03</x>
    <x>y</x>
    <x>5.9450000000000000e+02</x></_>
  <_><x>1.8475000000000000e+03</x>
    <x>y</x>
    <x>5.7850000000000000e+02</x></_>
  <_><x>1.9045000000000000e+03</x>
    <x>y</x>
    <x>5.3050000000000000e+02</x></_></leftimage15>
<leftimage16>
  <_><x>1.5975000000000000e+03</x>
    <x>y</x>
    <x>5.3050000000000000e+02</x></_>
  <_><x>1.6725000000000000e+03</x>
    <x>y</x>
    <x>5.7250000000000000e+02</x></_>
  <_><x>1.7545000000000000e+03</x>
    <x>y</x>
    <x>5.9350000000000000e+02</x></_>
  <_><x>1.8485000000000000e+03</x>
    <x>y</x>
    <x>5.7750000000000000e+02</x></_>
  <_><x>1.9045000000000000e+03</x>
    <x>y</x>
    <x>5.3050000000000000e+02</x></_></leftimage16>
