<?xml version="1.0"?>
<opencv_storage>
<objectpoints1>
  <_><index>1</index>
    <x>6.5465618102916721e+01</x>
    <y>-7.8658790508481673e+01</y>
    <z>3.7587409033347365e+02</z></_>
  <_><index>2</index>
    <x>7.7736505286630944e+01</x>
    <y>-7.1965579317364828e+01</y>
    <z>3.7587409033347365e+02</z></_>
  <_><index>3</index>
    <x>9.0647162930476583e+01</x>
    <y>-6.8539101184893383e+01</y>
    <z>3.7456667096766557e+02</z></_>
  <_><index>4</index>
    <x>1.0534308775179116e+02</x>
    <y>-7.1027057766463500e+01</y>
    <z>3.7262250710619389e+02</z></_>
  <_><index>5</index>
    <x>1.1446607565832052e+02</x>
    <y>-7.8632207727644314e+01</y>
    <z>3.7197892965317567e+02</z></_></objectpoints1>
<objectpoints2>
  <_><index>1</index>
    <x>6.5580071232073109e+01</x>
    <y>-7.8796309178132049e+01</y>
    <z>3.7653122864598214e+02</z></_>
  <_><index>2</index>
    <x>7.7601072594694315e+01</x>
    <y>-7.1840200743967529e+01</y>
    <z>3.7521924175627822e+02</z></_>
  <_><index>3</index>
    <x>9.0647162930476583e+01</x>
    <y>-6.8539101184893383e+01</y>
    <z>3.7456667096766557e+02</z></_>
  <_><index>4</index>
    <x>1.0552566243989095e+02</x>
    <y>-7.1150157850153022e+01</y>
    <z>3.7326831538337450e+02</z></_>
  <_><index>5</index>
    <x>1.1446607565832052e+02</x>
    <y>-7.8632207727644314e+01</y>
    <z>3.7197892965317567e+02</z></_></objectpoints2>
<objectpoints3>
  <_><index>1</index>
    <x>6.5580071232073109e+01</x>
    <y>-7.8796309178132049e+01</y>
    <z>3.7653122864598214e+02</z></_>
  <_><index>2</index>
    <x>7.7736505286630944e+01</x>
    <y>-7.1965579317364828e+01</y>
    <z>3.7587409033347365e+02</z></_>
  <_><index>3</index>
    <x>9.0647162930476583e+01</x>
    <y>-6.8539101184893383e+01</y>
    <z>3.7456667096766557e+02</z></_>
  <_><index>4</index>
    <x>1.0552566243989095e+02</x>
    <y>-7.1308415231323551e+01</y>
    <z>3.7326831538337450e+02</z></_>
  <_><index>5</index>
    <x>1.1446607565832052e+02</x>
    <y>-7.8632207727644314e+01</y>
    <z>3.7197892965317567e+02</z></_></objectpoints3>
<objectpoints4>
  <_><index>1</index>
    <x>6.5580071232073109e+01</x>
    <y>-7.8796309178132049e+01</y>
    <z>3.7653122864598214e+02</z></_>
  <_><index>2</index>
    <x>7.7736505286630944e+01</x>
    <y>-7.1965579317364828e+01</y>
    <z>3.7587409033347365e+02</z></_>
  <_><index>3</index>
    <x>9.0647162930476583e+01</x>
    <y>-6.8539101184893383e+01</y>
    <z>3.7456667096766557e+02</z></_>
  <_><index>4</index>
    <x>1.0534308775179116e+02</x>
    <y>-7.1185041339431010e+01</y>
    <z>3.7262250710619389e+02</z></_>
  <_><index>5</index>
    <x>1.1442615447161124e+02</x>
    <y>-7.8811509323863405e+01</y>
    <z>3.7133757148530105e+02</z></_></objectpoints4>
<objectpoints5>
  <_><index>1</index>
    <x>6.3615960436034527e+01</x>
    <y>-7.8934309535968566e+01</y>
    <z>3.7719066872422616e+02</z></_>
  <_><index>2</index>
    <x>7.5797081350510240e+01</x>
    <y>-7.2091396287907685e+01</y>
    <z>3.7653122864598214e+02</z></_>
  <_><index>3</index>
    <x>8.8745932090244295e+01</x>
    <y>-6.8737171132973074e+01</y>
    <z>3.7391636610387053e+02</z></_>
  <_><index>4</index>
    <x>1.0346831648467402e+02</x>
    <y>-7.1150157850153022e+01</y>
    <z>3.7326831538337450e+02</z></_>
  <_><index>5</index>
    <x>1.1241583642073114e+02</x>
    <y>-7.8632207727644314e+01</y>
    <z>3.7197892965317567e+02</z></_></objectpoints5>
<objectpoints6>
  <_><index>1</index>
    <x>6.2437736849792429e+01</x>
    <y>-7.8658790508481673e+01</y>
    <z>3.7587409033347365e+02</z></_>
  <_><index>2</index>
    <x>7.4607569598311017e+01</x>
    <y>-7.1715258280371714e+01</y>
    <z>3.7456667096766557e+02</z></_>
  <_><index>3</index>
    <x>8.7477674969291002e+01</x>
    <y>-6.8420106852734762e+01</y>
    <z>3.7391636610387053e+02</z></_>
  <_><index>4</index>
    <x>1.0253822828061141e+02</x>
    <y>-7.1432217514998840e+01</y>
    <z>3.7391636610387053e+02</z></_>
  <_><index>5</index>
    <x>1.1169770030554173e+02</x>
    <y>-7.9063026908679660e+01</y>
    <z>3.7326831538337450e+02</z></_></objectpoints6>
<objectpoints7>
  <_><index>1</index>
    <x>6.2437736849792429e+01</x>
    <y>-7.8658790508481673e+01</y>
    <z>3.7587409033347365e+02</z></_>
  <_><index>2</index>
    <x>7.4578466522226307e+01</x>
    <y>-7.1840200743967529e+01</y>
    <z>3.7521924175627822e+02</z></_>
  <_><index>3</index>
    <x>8.7782482523007602e+01</x>
    <y>-6.8658510141369618e+01</y>
    <z>3.7521924175627822e+02</z></_>
  <_><index>4</index>
    <x>1.0236051481648029e+02</x>
    <y>-7.1308415231323551e+01</y>
    <z>3.7326831538337450e+02</z></_>
  <_><index>5</index>
    <x>1.1169770030554173e+02</x>
    <y>-7.9063026908679660e+01</y>
    <z>3.7326831538337450e+02</z></_></objectpoints7>
<objectpoints8>
  <_><index>1</index>
    <x>6.2387255570061505e+01</x>
    <y>-7.8796309178132049e+01</y>
    <z>3.7653122864598214e+02</z></_>
  <_><index>2</index>
    <x>7.4708624033506652e+01</x>
    <y>-7.1965579317364828e+01</y>
    <z>3.7587409033347365e+02</z></_>
  <_><index>3</index>
    <x>8.7782482523007602e+01</x>
    <y>-6.8658510141369618e+01</y>
    <z>3.7521924175627822e+02</z></_>
  <_><index>4</index>
    <x>1.0253822828061141e+02</x>
    <y>-7.1432217514998840e+01</y>
    <z>3.7391636610387053e+02</z></_>
  <_><index>5</index>
    <x>1.1150444709752360e+02</x>
    <y>-7.8926236414838414e+01</y>
    <z>3.7262250710619389e+02</z></_></objectpoints8>
<objectpoints9>
  </objectpoints9>
<objectpoints10>
  </objectpoints10>
<objectpoints11>
  </objectpoints11>
<objectpoints12>
  </objectpoints12>
<objectpoints13>
  </objectpoints13>
<objectpoints14>
  </objectpoints14>
<objectpoints15>
  </objectpoints15>
<objectpoints16>
  </objectpoints16>
<objectpoints17>
  </objectpoints17>
<objectpoints18>
  </objectpoints18>
<objectpoints19>
  </objectpoints19>
<objectpoints20>
  </objectpoints20>
<objectpoints21>
  </objectpoints21>
<objectpoints22>
  </objectpoints22>
<objectpoints23>
  </objectpoints23>
<objectpoints24>
  </objectpoints24>
</opencv_storage>
