<?xml version="1.0"?>
<opencv_storage>
<rectifiedleftimage1>
  <_><x>1.5995000000000000e+03</x>
    <x>y</x>
    <x>5.0550000000000000e+02</x></_>
  <_><x>1.6785000000000000e+03</x>
    <x>y</x>
    <x>5.4750000000000000e+02</x></_>
  <_><x>1.7605000000000000e+03</x>
    <x>y</x>
    <x>5.6750000000000000e+02</x></_>
  <_><x>1.8565000000000000e+03</x>
    <x>y</x>
    <x>5.4950000000000000e+02</x></_>
  <_><x>1.9155000000000000e+03</x>
    <x>y</x>
    <x>5.0050000000000000e+02</x></_></rectifiedleftimage1>
<rectifiedleftimage2>
  <_><x>1.5995000000000000e+03</x>
    <x>y</x>
    <x>5.0550000000000000e+02</x></_>
  <_><x>1.6775000000000000e+03</x>
    <x>y</x>
    <x>5.4750000000000000e+02</x></_>
  <_><x>1.7605000000000000e+03</x>
    <x>y</x>
    <x>5.6750000000000000e+02</x></_>
  <_><x>1.8565000000000000e+03</x>
    <x>y</x>
    <x>5.4950000000000000e+02</x></_>
  <_><x>1.9155000000000000e+03</x>
    <x>y</x>
    <x>4.9950000000000000e+02</x></_></rectifiedleftimage2>
<rectifiedleftimage3>
  <_><x>1.5995000000000000e+03</x>
    <x>y</x>
    <x>5.0650000000000000e+02</x></_>
  <_><x>1.6785000000000000e+03</x>
    <x>y</x>
    <x>5.4750000000000000e+02</x></_>
  <_><x>1.7605000000000000e+03</x>
    <x>y</x>
    <x>5.6750000000000000e+02</x></_>
  <_><x>1.8565000000000000e+03</x>
    <x>y</x>
    <x>5.4950000000000000e+02</x></_>
  <_><x>1.9155000000000000e+03</x>
    <x>y</x>
    <x>4.9950000000000000e+02</x></_></rectifiedleftimage3>
<rectifiedleftimage4>
  <_><x>1.5995000000000000e+03</x>
    <x>y</x>
    <x>5.0550000000000000e+02</x></_>
  <_><x>1.6775000000000000e+03</x>
    <x>y</x>
    <x>5.4750000000000000e+02</x></_>
  <_><x>1.7605000000000000e+03</x>
    <x>y</x>
    <x>5.6750000000000000e+02</x></_>
  <_><x>1.8565000000000000e+03</x>
    <x>y</x>
    <x>5.4950000000000000e+02</x></_>
  <_><x>1.9155000000000000e+03</x>
    <x>y</x>
    <x>4.9950000000000000e+02</x></_></rectifiedleftimage4>
<rectifiedleftimage5>
  <_><x>1.5935000000000000e+03</x>
    <x>y</x>
    <x>5.0550000000000000e+02</x></_>
  <_><x>1.6715000000000000e+03</x>
    <x>y</x>
    <x>5.4750000000000000e+02</x></_>
  <_><x>1.7555000000000000e+03</x>
    <x>y</x>
    <x>5.6950000000000000e+02</x></_>
  <_><x>1.8495000000000000e+03</x>
    <x>y</x>
    <x>5.4950000000000000e+02</x></_>
  <_><x>1.9085000000000000e+03</x>
    <x>y</x>
    <x>4.9950000000000000e+02</x></_></rectifiedleftimage5>
<rectifiedleftimage6>
  <_><x>1.5935000000000000e+03</x>
    <x>y</x>
    <x>5.0550000000000000e+02</x></_>
  <_><x>1.6715000000000000e+03</x>
    <x>y</x>
    <x>5.4750000000000000e+02</x></_>
  <_><x>1.7545000000000000e+03</x>
    <x>y</x>
    <x>5.6750000000000000e+02</x></_>
  <_><x>1.8495000000000000e+03</x>
    <x>y</x>
    <x>5.4850000000000000e+02</x></_>
  <_><x>1.9085000000000000e+03</x>
    <x>y</x>
    <x>4.9950000000000000e+02</x></_></rectifiedleftimage6>
<rectifiedleftimage7>
  <_><x>1.5935000000000000e+03</x>
    <x>y</x>
    <x>5.0550000000000000e+02</x></_>
  <_><x>1.6715000000000000e+03</x>
    <x>y</x>
    <x>5.4750000000000000e+02</x></_>
  <_><x>1.7555000000000000e+03</x>
    <x>y</x>
    <x>5.6950000000000000e+02</x></_>
  <_><x>1.8495000000000000e+03</x>
    <x>y</x>
    <x>5.4950000000000000e+02</x></_>
  <_><x>1.9085000000000000e+03</x>
    <x>y</x>
    <x>4.9950000000000000e+02</x></_></rectifiedleftimage7>
<rectifiedleftimage8>
  <_><x>1.5935000000000000e+03</x>
    <x>y</x>
    <x>5.0550000000000000e+02</x></_>
  <_><x>1.6715000000000000e+03</x>
    <x>y</x>
    <x>5.4850000000000000e+02</x></_>
  <_><x>1.7545000000000000e+03</x>
    <x>y</x>
    <x>5.6850000000000000e+02</x></_>
  <_><x>1.8505000000000000e+03</x>
    <x>y</x>
    <x>5.4950000000000000e+02</x></_>
  <_><x>1.9085000000000000e+03</x>
    <x>y</x>
    <x>4.9950000000000000e+02</x></_></rectifiedleftimage8>
<rectifiedleftimage9>
  <_><x>1.5875000000000000e+03</x>
    <x>y</x>
    <x>5.0550000000000000e+02</x></_>
  <_><x>1.6645000000000000e+03</x>
    <x>y</x>
    <x>5.4750000000000000e+02</x></_>
  <_><x>1.7475000000000000e+03</x>
    <x>y</x>
    <x>5.6750000000000000e+02</x></_>
  <_><x>1.8435000000000000e+03</x>
    <x>y</x>
    <x>5.4950000000000000e+02</x></_>
  <_><x>1.9025000000000000e+03</x>
    <x>y</x>
    <x>5.0050000000000000e+02</x></_></rectifiedleftimage9>
<rectifiedleftimage10>
  <_><x>1.5875000000000000e+03</x>
    <x>y</x>
    <x>5.0550000000000000e+02</x></_>
  <_><x>1.6645000000000000e+03</x>
    <x>y</x>
    <x>5.4750000000000000e+02</x></_>
  <_><x>1.7475000000000000e+03</x>
    <x>y</x>
    <x>5.6750000000000000e+02</x></_>
  <_><x>1.8435000000000000e+03</x>
    <x>y</x>
    <x>5.4950000000000000e+02</x></_>
  <_><x>1.9025000000000000e+03</x>
    <x>y</x>
    <x>5.0050000000000000e+02</x></_></rectifiedleftimage10>
<rectifiedleftimage11>
  <_><x>1.5875000000000000e+03</x>
    <x>y</x>
    <x>5.0550000000000000e+02</x></_>
  <_><x>1.6645000000000000e+03</x>
    <x>y</x>
    <x>5.4750000000000000e+02</x></_>
  <_><x>1.7475000000000000e+03</x>
    <x>y</x>
    <x>5.6750000000000000e+02</x></_>
  <_><x>1.8435000000000000e+03</x>
    <x>y</x>
    <x>5.4850000000000000e+02</x></_>
  <_><x>1.9025000000000000e+03</x>
    <x>y</x>
    <x>5.0050000000000000e+02</x></_></rectifiedleftimage11>
<rectifiedleftimage12>
  <_><x>1.5875000000000000e+03</x>
    <x>y</x>
    <x>5.0550000000000000e+02</x></_>
  <_><x>1.6645000000000000e+03</x>
    <x>y</x>
    <x>5.4750000000000000e+02</x></_>
  <_><x>1.7475000000000000e+03</x>
    <x>y</x>
    <x>5.6750000000000000e+02</x></_>
  <_><x>1.8435000000000000e+03</x>
    <x>y</x>
    <x>5.4850000000000000e+02</x></_>
  <_><x>1.9035000000000000e+03</x>
    <x>y</x>
    <x>4.9850000000000000e+02</x></_></rectifiedleftimage12>
<rectifiedleftimage13>
  <_><x>1.5805000000000000e+03</x>
    <x>y</x>
    <x>5.0550000000000000e+02</x></_>
  <_><x>1.6585000000000000e+03</x>
    <x>y</x>
    <x>5.4750000000000000e+02</x></_>
  <_><x>1.7415000000000000e+03</x>
    <x>y</x>
    <x>5.6850000000000000e+02</x></_>
  <_><x>1.8365000000000000e+03</x>
    <x>y</x>
    <x>5.4850000000000000e+02</x></_>
  <_><x>1.8955000000000000e+03</x>
    <x>y</x>
    <x>4.9950000000000000e+02</x></_></rectifiedleftimage13>
<rectifiedleftimage14>
  <_><x>1.5805000000000000e+03</x>
    <x>y</x>
    <x>5.0550000000000000e+02</x></_>
  <_><x>1.6585000000000000e+03</x>
    <x>y</x>
    <x>5.4750000000000000e+02</x></_>
  <_><x>1.7415000000000000e+03</x>
    <x>y</x>
    <x>5.6850000000000000e+02</x></_>
  <_><x>1.8365000000000000e+03</x>
    <x>y</x>
    <x>5.4850000000000000e+02</x></_>
  <_><x>1.8955000000000000e+03</x>
    <x>y</x>
    <x>4.9950000000000000e+02</x></_></rectifiedleftimage14>
<rectifiedleftimage15>
  <_><x>1.5805000000000000e+03</x>
    <x>y</x>
    <x>5.0550000000000000e+02</x></_>
  <_><x>1.6585000000000000e+03</x>
    <x>y</x>
    <x>5.4750000000000000e+02</x></_>
  <_><x>1.7405000000000000e+03</x>
    <x>y</x>
    <x>5.6750000000000000e+02</x></_>
  <_><x>1.8365000000000000e+03</x>
    <x>y</x>
    <x>5.4850000000000000e+02</x></_>
  <_><x>1.8955000000000000e+03</x>
    <x>y</x>
    <x>4.9950000000000000e+02</x></_></rectifiedleftimage15>
<rectifiedleftimage16>
  <_><x>1.5805000000000000e+03</x>
    <x>y</x>
    <x>5.0550000000000000e+02</x></_>
  <_><x>1.6585000000000000e+03</x>
    <x>y</x>
    <x>5.4750000000000000e+02</x></_>
  <_><x>1.7415000000000000e+03</x>
    <x>y</x>
    <x>5.6850000000000000e+02</x></_>
  <_><x>1.8365000000000000e+03</x>
    <x>y</x>
    <x>5.4850000000000000e+02</x></_>
  <_><x>1.8955000000000000e+03</x>
    <x>y</x>
    <x>4.9950000000000000e+02</x></_></rectifiedleftimage16>
