<?xml version="1.0"?>
<opencv_storage>
<rectifiedrightimage1>
  <_><x>1.0665000000000000e+03</x>
    <x>y</x>
    <x>5.4550000000000000e+02</x></_>
  <_><x>1.1485000000000000e+03</x>
    <x>y</x>
    <x>5.6750000000000000e+02</x></_>
  <_><x>1.2415000000000000e+03</x>
    <x>y</x>
    <x>5.4750000000000000e+02</x></_>
  <_><x>1.2995000000000000e+03</x>
    <x>y</x>
    <x>4.9850000000000000e+02</x></_></rectifiedrightimage1>
<rectifiedrightimage2>
  <_><x>1.0675000000000000e+03</x>
    <x>y</x>
    <x>5.4650000000000000e+02</x></_>
  <_><x>1.1485000000000000e+03</x>
    <x>y</x>
    <x>5.6750000000000000e+02</x></_>
  <_><x>1.2415000000000000e+03</x>
    <x>y</x>
    <x>5.4750000000000000e+02</x></_>
  <_><x>1.2995000000000000e+03</x>
    <x>y</x>
    <x>4.9850000000000000e+02</x></_></rectifiedrightimage2>
<rectifiedrightimage3>
  <_><x>1.0675000000000000e+03</x>
    <x>y</x>
    <x>5.4650000000000000e+02</x></_>
  <_><x>1.1485000000000000e+03</x>
    <x>y</x>
    <x>5.6650000000000000e+02</x></_>
  <_><x>1.2425000000000000e+03</x>
    <x>y</x>
    <x>5.4850000000000000e+02</x></_>
  <_><x>1.3005000000000000e+03</x>
    <x>y</x>
    <x>4.9750000000000000e+02</x></_></rectifiedrightimage3>
<rectifiedrightimage4>
  <_><x>1.0675000000000000e+03</x>
    <x>y</x>
    <x>5.4650000000000000e+02</x></_>
  <_><x>1.1485000000000000e+03</x>
    <x>y</x>
    <x>5.6650000000000000e+02</x></_>
  <_><x>1.2425000000000000e+03</x>
    <x>y</x>
    <x>5.4750000000000000e+02</x></_>
  <_><x>1.2995000000000000e+03</x>
    <x>y</x>
    <x>4.9850000000000000e+02</x></_></rectifiedrightimage4>
<rectifiedrightimage5>
  <_><x>1.0605000000000000e+03</x>
    <x>y</x>
    <x>5.4650000000000000e+02</x></_>
  <_><x>1.2345000000000000e+03</x>
    <x>y</x>
    <x>5.4750000000000000e+02</x></_></rectifiedrightimage5>
<rectifiedrightimage6>
  <_><x>1.0595000000000000e+03</x>
    <x>y</x>
    <x>5.4750000000000000e+02</x></_>
  <_><x>1.1415000000000000e+03</x>
    <x>y</x>
    <x>5.6650000000000000e+02</x></_>
  <_><x>1.2355000000000000e+03</x>
    <x>y</x>
    <x>5.4850000000000000e+02</x></_></rectifiedrightimage6>
<rectifiedrightimage7>
  <_><x>1.0605000000000000e+03</x>
    <x>y</x>
    <x>5.4650000000000000e+02</x></_>
  <_><x>1.1415000000000000e+03</x>
    <x>y</x>
    <x>5.6650000000000000e+02</x></_>
  <_><x>1.2365000000000000e+03</x>
    <x>y</x>
    <x>5.4750000000000000e+02</x></_>
  <_><x>1.2935000000000000e+03</x>
    <x>y</x>
    <x>4.9850000000000000e+02</x></_></rectifiedrightimage7>
<rectifiedrightimage8>
  <_><x>1.0615000000000000e+03</x>
    <x>y</x>
    <x>5.4650000000000000e+02</x></_>
  <_><x>1.1415000000000000e+03</x>
    <x>y</x>
    <x>5.6650000000000000e+02</x></_>
  <_><x>1.2355000000000000e+03</x>
    <x>y</x>
    <x>5.4850000000000000e+02</x></_></rectifiedrightimage8>
<rectifiedrightimage9>
  <_><x>9.7750000000000000e+02</x>
    <x>y</x>
    <x>5.0550000000000000e+02</x></_>
  <_><x>1.0545000000000000e+03</x>
    <x>y</x>
    <x>5.4650000000000000e+02</x></_>
  <_><x>1.1355000000000000e+03</x>
    <x>y</x>
    <x>5.6650000000000000e+02</x></_>
  <_><x>1.2285000000000000e+03</x>
    <x>y</x>
    <x>5.4850000000000000e+02</x></_>
  <_><x>1.2865000000000000e+03</x>
    <x>y</x>
    <x>4.9850000000000000e+02</x></_></rectifiedrightimage9>
<rectifiedrightimage10>
  <_><x>9.7850000000000000e+02</x>
    <x>y</x>
    <x>5.0450000000000000e+02</x></_>
  <_><x>1.0535000000000000e+03</x>
    <x>y</x>
    <x>5.4550000000000000e+02</x></_>
  <_><x>1.1355000000000000e+03</x>
    <x>y</x>
    <x>5.6650000000000000e+02</x></_>
  <_><x>1.2295000000000000e+03</x>
    <x>y</x>
    <x>5.4850000000000000e+02</x></_>
  <_><x>1.2865000000000000e+03</x>
    <x>y</x>
    <x>4.9850000000000000e+02</x></_></rectifiedrightimage10>
<rectifiedrightimage11>
  <_><x>9.7850000000000000e+02</x>
    <x>y</x>
    <x>5.0450000000000000e+02</x></_>
  <_><x>1.0545000000000000e+03</x>
    <x>y</x>
    <x>5.4650000000000000e+02</x></_>
  <_><x>1.1355000000000000e+03</x>
    <x>y</x>
    <x>5.6650000000000000e+02</x></_>
  <_><x>1.2295000000000000e+03</x>
    <x>y</x>
    <x>5.4850000000000000e+02</x></_>
  <_><x>1.2865000000000000e+03</x>
    <x>y</x>
    <x>4.9850000000000000e+02</x></_></rectifiedrightimage11>
<rectifiedrightimage12>
  <_><x>9.7850000000000000e+02</x>
    <x>y</x>
    <x>5.0450000000000000e+02</x></_>
  <_><x>1.0545000000000000e+03</x>
    <x>y</x>
    <x>5.4650000000000000e+02</x></_>
  <_><x>1.1355000000000000e+03</x>
    <x>y</x>
    <x>5.6650000000000000e+02</x></_>
  <_><x>1.2285000000000000e+03</x>
    <x>y</x>
    <x>5.4750000000000000e+02</x></_>
  <_><x>1.2865000000000000e+03</x>
    <x>y</x>
    <x>4.9850000000000000e+02</x></_></rectifiedrightimage12>
<rectifiedrightimage13>
  <_><x>1.0485000000000000e+03</x>
    <x>y</x>
    <x>5.4650000000000000e+02</x></_>
  <_><x>1.1285000000000000e+03</x>
    <x>y</x>
    <x>5.6750000000000000e+02</x></_>
  <_><x>1.2225000000000000e+03</x>
    <x>y</x>
    <x>5.4750000000000000e+02</x></_>
  <_><x>1.2805000000000000e+03</x>
    <x>y</x>
    <x>4.9850000000000000e+02</x></_></rectifiedrightimage13>
<rectifiedrightimage14>
  <_><x>1.0485000000000000e+03</x>
    <x>y</x>
    <x>5.4650000000000000e+02</x></_>
  <_><x>1.1285000000000000e+03</x>
    <x>y</x>
    <x>5.6750000000000000e+02</x></_>
  <_><x>1.2225000000000000e+03</x>
    <x>y</x>
    <x>5.4750000000000000e+02</x></_></rectifiedrightimage14>
<rectifiedrightimage15>
  <_><x>1.0485000000000000e+03</x>
    <x>y</x>
    <x>5.4650000000000000e+02</x></_>
  <_><x>1.1285000000000000e+03</x>
    <x>y</x>
    <x>5.6550000000000000e+02</x></_>
  <_><x>1.2225000000000000e+03</x>
    <x>y</x>
    <x>5.4750000000000000e+02</x></_>
  <_><x>1.2805000000000000e+03</x>
    <x>y</x>
    <x>4.9850000000000000e+02</x></_></rectifiedrightimage15>
<rectifiedrightimage16>
  <_><x>1.0485000000000000e+03</x>
    <x>y</x>
    <x>5.4650000000000000e+02</x></_>
  <_><x>1.1295000000000000e+03</x>
    <x>y</x>
    <x>5.6650000000000000e+02</x></_>
  <_><x>1.2225000000000000e+03</x>
    <x>y</x>
    <x>5.4750000000000000e+02</x></_>
  <_><x>1.2805000000000000e+03</x>
    <x>y</x>
    <x>4.9850000000000000e+02</x></_></rectifiedrightimage16>
<rectifiedrightimage17>
  <_><x>9.6650000000000000e+02</x>
    <x>y</x>
    <x>5.0250000000000000e+02</x></_>
  <_><x>1.0425000000000000e+03</x>
    <x>y</x>
    <x>5.4750000000000000e+02</x></_>
  <_><x>1.1235000000000000e+03</x>
    <x>y</x>
    <x>5.6650000000000000e+02</x></_>
  <_><x>1.2165000000000000e+03</x>
    <x>y</x>
    <x>5.4750000000000000e+02</x></_>
  <_><x>1.2735000000000000e+03</x>
    <x>y</x>
    <x>4.9750000000000000e+02</x></_></rectifiedrightimage17>
<rectifiedrightimage18>
  <_><x>1.0415000000000000e+03</x>
    <x>y</x>
    <x>5.4650000000000000e+02</x></_>
  <_><x>1.1235000000000000e+03</x>
    <x>y</x>
    <x>5.6650000000000000e+02</x></_>
  <_><x>1.2165000000000000e+03</x>
    <x>y</x>
    <x>5.4750000000000000e+02</x></_>
  <_><x>1.2735000000000000e+03</x>
    <x>y</x>
    <x>4.9750000000000000e+02</x></_></rectifiedrightimage18>
<rectifiedrightimage19>
  <_><x>1.1225000000000000e+03</x>
    <x>y</x>
    <x>5.6750000000000000e+02</x></_>
  <_><x>1.2165000000000000e+03</x>
    <x>y</x>
    <x>5.4750000000000000e+02</x></_>
  <_><x>1.2745000000000000e+03</x>
    <x>y</x>
    <x>4.9850000000000000e+02</x></_></rectifiedrightimage19>
