<?xml version="1.0"?>
<opencv_storage>
<rightimage1>
  <_><x>1.0175000000000000e+03</x>
    <x>y</x>
    <x>4.8950000000000000e+02</x></_>
  <_><x>1.0945000000000000e+03</x>
    <x>y</x>
    <x>5.3350000000000000e+02</x></_>
  <_><x>1.1715000000000000e+03</x>
    <x>y</x>
    <x>5.5450000000000000e+02</x></_>
  <_><x>1.3225000000000000e+03</x>
    <x>y</x>
    <x>4.9150000000000000e+02</x></_></rightimage1>
<rightimage2>
  <_><x>1.0165000000000000e+03</x>
    <x>y</x>
    <x>4.8950000000000000e+02</x></_>
  <_><x>1.0945000000000000e+03</x>
    <x>y</x>
    <x>5.3350000000000000e+02</x></_>
  <_><x>1.3225000000000000e+03</x>
    <x>y</x>
    <x>4.9150000000000000e+02</x></_></rightimage2>
<rightimage3>
  <_><x>1.0165000000000000e+03</x>
    <x>y</x>
    <x>4.8950000000000000e+02</x></_>
  <_><x>1.0945000000000000e+03</x>
    <x>y</x>
    <x>5.3350000000000000e+02</x></_>
  <_><x>1.3225000000000000e+03</x>
    <x>y</x>
    <x>4.9150000000000000e+02</x></_></rightimage3>
<rightimage4>
  <_><x>1.0165000000000000e+03</x>
    <x>y</x>
    <x>4.8950000000000000e+02</x></_>
  <_><x>1.0945000000000000e+03</x>
    <x>y</x>
    <x>5.3350000000000000e+02</x></_>
  <_><x>1.3245000000000000e+03</x>
    <x>y</x>
    <x>4.9250000000000000e+02</x></_></rightimage4>
<rightimage5>
  <_><x>1.0855000000000000e+03</x>
    <x>y</x>
    <x>5.3350000000000000e+02</x></_>
  <_><x>1.2615000000000000e+03</x>
    <x>y</x>
    <x>5.3950000000000000e+02</x></_>
  <_><x>1.3185000000000000e+03</x>
    <x>y</x>
    <x>4.9250000000000000e+02</x></_></rightimage5>
<rightimage6>
  <_><x>1.0105000000000000e+03</x>
    <x>y</x>
    <x>4.8950000000000000e+02</x></_>
  <_><x>1.0855000000000000e+03</x>
    <x>y</x>
    <x>5.3350000000000000e+02</x></_>
  <_><x>1.1685000000000000e+03</x>
    <x>y</x>
    <x>5.5550000000000000e+02</x></_>
  <_><x>1.3205000000000000e+03</x>
    <x>y</x>
    <x>4.9250000000000000e+02</x></_></rightimage6>
<rightimage7>
  <_><x>1.0105000000000000e+03</x>
    <x>y</x>
    <x>4.8950000000000000e+02</x></_>
  <_><x>1.0855000000000000e+03</x>
    <x>y</x>
    <x>5.3350000000000000e+02</x></_>
  <_><x>1.1685000000000000e+03</x>
    <x>y</x>
    <x>5.5550000000000000e+02</x></_>
  <_><x>1.3185000000000000e+03</x>
    <x>y</x>
    <x>4.9250000000000000e+02</x></_></rightimage7>
<rightimage8>
  <_><x>1.0125000000000000e+03</x>
    <x>y</x>
    <x>4.9150000000000000e+02</x></_>
  <_><x>1.0855000000000000e+03</x>
    <x>y</x>
    <x>5.3350000000000000e+02</x></_>
  <_><x>1.3205000000000000e+03</x>
    <x>y</x>
    <x>4.9250000000000000e+02</x></_></rightimage8>
<rightimage9>
  <_><x>1.0045000000000000e+03</x>
    <x>y</x>
    <x>4.8950000000000000e+02</x></_></rightimage9>
<rightimage10>
  <_><x>1.0045000000000000e+03</x>
    <x>y</x>
    <x>4.8950000000000000e+02</x></_>
  <_><x>1.3135000000000000e+03</x>
    <x>y</x>
    <x>4.9150000000000000e+02</x></_></rightimage10>
<rightimage11>
  <_><x>0.</x>
    <x>y</x>
    <x>0.</x></_></rightimage11>
<rightimage12>
  <_><x>1.0025000000000000e+03</x>
    <x>y</x>
    <x>4.9050000000000000e+02</x></_>
  <_><x>1.3095000000000000e+03</x>
    <x>y</x>
    <x>4.9050000000000000e+02</x></_></rightimage12>
<rightimage13>
  <_><x>9.9850000000000000e+02</x>
    <x>y</x>
    <x>4.9050000000000000e+02</x></_>
  <_><x>1.2465000000000000e+03</x>
    <x>y</x>
    <x>5.3850000000000000e+02</x></_></rightimage13>
<rightimage14>
  <_><x>9.9850000000000000e+02</x>
    <x>y</x>
    <x>4.9050000000000000e+02</x></_>
  <_><x>1.0725000000000000e+03</x>
    <x>y</x>
    <x>5.3150000000000000e+02</x></_>
  <_><x>1.2465000000000000e+03</x>
    <x>y</x>
    <x>5.3850000000000000e+02</x></_></rightimage14>
<rightimage15>
  <_><x>9.9750000000000000e+02</x>
    <x>y</x>
    <x>4.9050000000000000e+02</x></_>
  <_><x>1.0725000000000000e+03</x>
    <x>y</x>
    <x>5.3150000000000000e+02</x></_>
  <_><x>1.1525000000000000e+03</x>
    <x>y</x>
    <x>5.5350000000000000e+02</x></_>
  <_><x>1.2465000000000000e+03</x>
    <x>y</x>
    <x>5.3850000000000000e+02</x></_>
  <_><x>1.3025000000000000e+03</x>
    <x>y</x>
    <x>4.9150000000000000e+02</x></_></rightimage15>
<rightimage16>
  <_><x>9.9850000000000000e+02</x>
    <x>y</x>
    <x>4.9050000000000000e+02</x></_>
  <_><x>1.2465000000000000e+03</x>
    <x>y</x>
    <x>5.3850000000000000e+02</x></_>
  <_><x>1.3045000000000000e+03</x>
    <x>y</x>
    <x>4.9150000000000000e+02</x></_></rightimage16>
<rightimage17>
  <_><x>9.9150000000000000e+02</x>
    <x>y</x>
    <x>4.8950000000000000e+02</x></_>
  <_><x>1.0695000000000000e+03</x>
    <x>y</x>
    <x>5.3250000000000000e+02</x></_>
  <_><x>1.2995000000000000e+03</x>
    <x>y</x>
    <x>4.9050000000000000e+02</x></_></rightimage17>
<rightimage18>
  <_><x>9.9050000000000000e+02</x>
    <x>y</x>
    <x>4.8850000000000000e+02</x></_>
  <_><x>1.0645000000000000e+03</x>
    <x>y</x>
    <x>5.3250000000000000e+02</x></_>
  <_><x>1.2995000000000000e+03</x>
    <x>y</x>
    <x>4.9050000000000000e+02</x></_></rightimage18>
<rightimage19>
  <_><x>9.9150000000000000e+02</x>
    <x>y</x>
    <x>4.9050000000000000e+02</x></_>
  <_><x>1.0645000000000000e+03</x>
    <x>y</x>
    <x>5.3250000000000000e+02</x></_>
  <_><x>1.2975000000000000e+03</x>
    <x>y</x>
    <x>4.9150000000000000e+02</x></_></rightimage19>
<rightimage20>
  <_><x>9.9150000000000000e+02</x>
    <x>y</x>
    <x>4.8950000000000000e+02</x></_>
  <_><x>1.0675000000000000e+03</x>
    <x>y</x>
    <x>5.3250000000000000e+02</x></_>
  <_><x>1.2995000000000000e+03</x>
    <x>y</x>
    <x>4.9050000000000000e+02</x></_></rightimage20>
<rightimage21>
  <_><x>9.8550000000000000e+02</x>
    <x>y</x>
    <x>4.9050000000000000e+02</x></_>
  <_><x>1.0635000000000000e+03</x>
    <x>y</x>
    <x>5.3250000000000000e+02</x></_>
  <_><x>1.1435000000000000e+03</x>
    <x>y</x>
    <x>5.5450000000000000e+02</x></_>
  <_><x>1.2315000000000000e+03</x>
    <x>y</x>
    <x>5.3850000000000000e+02</x></_>
  <_><x>1.2915000000000000e+03</x>
    <x>y</x>
    <x>4.8950000000000000e+02</x></_></rightimage21>
<rightimage22>
  <_><x>9.8550000000000000e+02</x>
    <x>y</x>
    <x>4.9050000000000000e+02</x></_>
  <_><x>1.0635000000000000e+03</x>
    <x>y</x>
    <x>5.3250000000000000e+02</x></_>
  <_><x>1.1435000000000000e+03</x>
    <x>y</x>
    <x>5.5450000000000000e+02</x></_>
  <_><x>1.2315000000000000e+03</x>
    <x>y</x>
    <x>5.3850000000000000e+02</x></_>
  <_><x>1.2925000000000000e+03</x>
    <x>y</x>
    <x>4.8950000000000000e+02</x></_></rightimage22>
<rightimage23>
  <_><x>9.8550000000000000e+02</x>
    <x>y</x>
    <x>4.9050000000000000e+02</x></_>
  <_><x>1.0635000000000000e+03</x>
    <x>y</x>
    <x>5.3250000000000000e+02</x></_>
  <_><x>1.1435000000000000e+03</x>
    <x>y</x>
    <x>5.5450000000000000e+02</x></_>
  <_><x>1.2315000000000000e+03</x>
    <x>y</x>
    <x>5.3850000000000000e+02</x></_>
  <_><x>1.2925000000000000e+03</x>
    <x>y</x>
    <x>4.8950000000000000e+02</x></_></rightimage23>
<rightimage24>
  <_><x>9.8550000000000000e+02</x>
    <x>y</x>
    <x>4.8850000000000000e+02</x></_>
  <_><x>1.0635000000000000e+03</x>
    <x>y</x>
    <x>5.3250000000000000e+02</x></_>
  <_><x>1.1435000000000000e+03</x>
    <x>y</x>
    <x>5.5450000000000000e+02</x></_>
  <_><x>1.2365000000000000e+03</x>
    <x>y</x>
    <x>5.3850000000000000e+02</x></_>
  <_><x>1.2935000000000000e+03</x>
    <x>y</x>
    <x>4.9050000000000000e+02</x></_></rightimage24>
</opencv_storage>
